200.000000 13.428596
220.000000 11.162373
240.000000 9.353402
260.000000 7.897705
280.000000 6.693707
300.000000 5.679671
320.000000 4.834352
340.000000 4.136823
360.000000 3.550925
380.000000 3.058624
400.000000 2.645979
420.000000 2.285375
440.000000 1.984633
460.000000 1.727395
480.000000 1.505976
500.000000 1.317521
550.000000 0.951472
600.000000 0.698244
650.000000 0.517740
700.000000 0.386794
750.000000 0.292920
800.000000 0.223263
850.000000 0.171721
900.000000 0.133184
950.000000 0.103874
1000.000000 0.081649
1100.000000 0.051201
1200.000000 0.032803
1300.000000 0.021412
1400.000000 0.014176
1500.000000 0.009530
1600.000000 0.006487
1700.000000 0.004446
1800.000000 0.003085
1900.000000 0.002163
2000.000000 0.001525
