200.000000 0.001374
220.000000 0.001111
240.000000 0.000848
260.000000 0.000662
280.000000 0.000551
300.000000 0.000441
320.000000 0.000397
340.000000 0.000351
350.000000 0.000294
360.000000 0.000259
380.000000 0.000213
400.000000 0.000173
420.000000 0.000156
440.000000 0.000140
450.000000 0.000132
460.000000 0.000125
480.000000 0.000110
500.000000 0.000096
600.000000 0.000068
700.000000 0.000042
800.000000 0.000025
900.000000 0.000017
1000.000000 0.000010
1100.000000 0.000008
1200.000000 0.000006
1300.000000 0.000005
1400.000000 0.000003
1500.000000 0.000001
