200.000000 37.308327
220.000000 31.004963
240.000000 25.978489
260.000000 21.934708
280.000000 18.590536
300.000000 15.774031
320.000000 13.426262
340.000000 11.488993
360.000000 9.861814
380.000000 8.494550
400.000000 7.348542
420.000000 6.347023
440.000000 5.511792
460.000000 4.797390
480.000000 4.182448
500.000000 3.659062
550.000000 2.642462
600.000000 1.939188
650.000000 1.437884
700.000000 1.074216
750.000000 0.813508
800.000000 0.620055
850.000000 0.476909
900.000000 0.369883
950.000000 0.288486
1000.000000 0.226760
1100.000000 0.142199
1200.000000 0.091104
1300.000000 0.059467
1400.000000 0.039372
1500.000000 0.026467
1600.000000 0.018017
1700.000000 0.012349
1800.000000 0.008567
1900.000000 0.006007
2000.000000 0.004235
