200.000000 0.002360
220.000000 0.001813
240.000000 0.001307
260.000000 0.000955
280.000000 0.000736
300.000000 0.000525
320.000000 0.000382
340.000000 0.000197
350.000000 0.000035
360.000000 0.000007
380.000000 0.000002
400.000000 0.000001
420.000000 0.000001
440.000000 0.000000
450.000000 0.000000
460.000000 0.000000
480.000000 0.000000
500.000000 0.000000
600.000000 0.000000
700.000000 0.000000
800.000000 0.000000
900.000000 0.000000
1000.000000 0.000000
1100.000000 0.000000
1200.000000 0.000000
1300.000000 0.000000
1400.000000 0.000000
1500.000000 0.000000
