200.000000 0.021243
220.000000 0.016318
240.000000 0.011761
260.000000 0.008594
280.000000 0.006620
300.000000 0.004729
320.000000 0.003442
340.000000 0.001774
350.000000 0.000318
360.000000 0.000062
380.000000 0.000018
400.000000 0.000009
420.000000 0.000006
440.000000 0.000004
450.000000 0.000004
460.000000 0.000003
480.000000 0.000003
500.000000 0.000002
600.000000 0.000001
700.000000 0.000001
800.000000 0.000000
900.000000 0.000000
1000.000000 0.000000
1100.000000 0.000000
1200.000000 0.000000
1300.000000 0.000000
1400.000000 0.000000
1500.000000 0.000000
