200.000000 0.339889
220.000000 0.261091
240.000000 0.188178
260.000000 0.137497
280.000000 0.105916
300.000000 0.075664
320.000000 0.055069
340.000000 0.028377
350.000000 0.005087
360.000000 0.000989
380.000000 0.000295
400.000000 0.000148
420.000000 0.000098
440.000000 0.000071
450.000000 0.000062
460.000000 0.000054
480.000000 0.000042
500.000000 0.000033
600.000000 0.000017
700.000000 0.000009
800.000000 0.000005
900.000000 0.000003
1000.000000 0.000002
1100.000000 0.000002
1200.000000 0.000001
1300.000000 0.000001
1400.000000 0.000001
1500.000000 0.000000
