200.000000 0.012297
220.000000 0.009918
240.000000 0.007552
260.000000 0.005872
280.000000 0.004867
300.000000 0.003851
320.000000 0.003345
340.000000 0.002382
350.000000 0.000265
360.000000 0.000170
380.000000 0.000116
400.000000 0.000086
420.000000 0.000073
440.000000 0.000063
450.000000 0.000059
460.000000 0.000054
480.000000 0.000047
500.000000 0.000040
600.000000 0.000027
700.000000 0.000016
800.000000 0.000009
900.000000 0.000006
1000.000000 0.000004
1100.000000 0.000003
1200.000000 0.000002
1300.000000 0.000002
1400.000000 0.000001
1500.000000 0.000001
