200.000000 0.004445
220.000000 0.003592
240.000000 0.002742
260.000000 0.002139
280.000000 0.001781
300.000000 0.001425
320.000000 0.001281
340.000000 0.001135
350.000000 0.001036
360.000000 0.000859
380.000000 0.000583
400.000000 0.000401
420.000000 0.000315
440.000000 0.000253
450.000000 0.000228
460.000000 0.000206
480.000000 0.000168
500.000000 0.000138
600.000000 0.000080
700.000000 0.000044
800.000000 0.000025
900.000000 0.000017
1000.000000 0.000009
1100.000000 0.000007
1200.000000 0.000006
1300.000000 0.000004
1400.000000 0.000003
1500.000000 0.000001
