200.000000 0.001112
220.000000 0.000899
240.000000 0.000686
260.000000 0.000536
280.000000 0.000446
300.000000 0.000357
320.000000 0.000321
340.000000 0.000285
350.000000 0.000267
360.000000 0.000247
380.000000 0.000208
400.000000 0.000170
420.000000 0.000153
440.000000 0.000137
450.000000 0.000129
460.000000 0.000122
480.000000 0.000107
500.000000 0.000092
600.000000 0.000064
700.000000 0.000039
800.000000 0.000023
900.000000 0.000016
1000.000000 0.000009
1100.000000 0.000007
1200.000000 0.000006
1300.000000 0.000004
1400.000000 0.000003
1500.000000 0.000001
