200.000000 37.301655
220.000000 31.006590
240.000000 25.981672
260.000000 21.938068
280.000000 18.593630
300.000000 15.776865
320.000000 13.428755
340.000000 11.491174
360.000000 9.863680
380.000000 8.496177
400.000000 7.349941
420.000000 6.348265
440.000000 5.512869
460.000000 4.798320
480.000000 4.183267
500.000000 3.659781
550.000000 2.642978
600.000000 1.939566
650.000000 1.438167
700.000000 1.074429
750.000000 0.813667
800.000000 0.620175
850.000000 0.477001
900.000000 0.369954
950.000000 0.288540
1000.000000 0.226804
1100.000000 0.142226
1200.000000 0.091121
1300.000000 0.059478
1400.000000 0.039379
1500.000000 0.026472
1600.000000 0.018021
1700.000000 0.012351
1800.000000 0.008568
1900.000000 0.006008
2000.000000 0.004235
