200.000000 3.357051
220.000000 2.790557
240.000000 2.338332
260.000000 1.974416
280.000000 1.673418
300.000000 1.419914
320.000000 1.208584
340.000000 1.034204
360.000000 0.887729
380.000000 0.764654
400.000000 0.661494
420.000000 0.571343
440.000000 0.496157
460.000000 0.431848
480.000000 0.376494
500.000000 0.329380
550.000000 0.237868
600.000000 0.174561
650.000000 0.129435
700.000000 0.096699
750.000000 0.073230
800.000000 0.055816
850.000000 0.042930
900.000000 0.033296
950.000000 0.025969
1000.000000 0.020412
1100.000000 0.012800
1200.000000 0.008201
1300.000000 0.005353
1400.000000 0.003544
1500.000000 0.002382
1600.000000 0.001622
1700.000000 0.001112
1800.000000 0.000771
1900.000000 0.000541
2000.000000 0.000381
