200.000000 13.430812
220.000000 11.161757
240.000000 9.352319
260.000000 7.896569
280.000000 6.692649
300.000000 5.678722
320.000000 4.833519
340.000000 4.136089
360.000000 3.550295
380.000000 3.058075
400.000000 2.645499
420.000000 2.284950
440.000000 1.984265
460.000000 1.727077
480.000000 1.505701
500.000000 1.317280
550.000000 0.951297
600.000000 0.698114
650.000000 0.517643
700.000000 0.386723
750.000000 0.292866
800.000000 0.223223
850.000000 0.171689
900.000000 0.133160
950.000000 0.103856
1000.000000 0.081634
1100.000000 0.051192
1200.000000 0.032798
1300.000000 0.021408
1400.000000 0.014174
1500.000000 0.009528
1600.000000 0.006486
1700.000000 0.004446
1800.000000 0.003084
1900.000000 0.002163
2000.000000 0.001524
