200.000000 335.714905
220.000000 279.059296
240.000000 233.835052
260.000000 197.442612
280.000000 167.342667
300.000000 141.991776
320.000000 120.858795
340.000000 103.420563
360.000000 88.773125
380.000000 76.465591
400.000000 66.149467
420.000000 57.134384
440.000000 49.615818
460.000000 43.184879
480.000000 37.649399
500.000000 32.938023
550.000000 23.786804
600.000000 17.456093
650.000000 12.943505
700.000000 9.669861
750.000000 7.322999
800.000000 5.581573
850.000000 4.293013
900.000000 3.329590
950.000000 2.596861
1000.000000 2.041233
1100.000000 1.280037
1200.000000 0.820087
1300.000000 0.535306
1400.000000 0.354412
1500.000000 0.238246
1600.000000 0.162185
1700.000000 0.111159
1800.000000 0.077113
1900.000000 0.054073
2000.000000 0.038118
