200.000000 0.002269
220.000000 0.001834
240.000000 0.001400
260.000000 0.001092
280.000000 0.000910
300.000000 0.000728
320.000000 0.000655
340.000000 0.000582
350.000000 0.000541
360.000000 0.000489
380.000000 0.000390
400.000000 0.000303
420.000000 0.000261
440.000000 0.000225
450.000000 0.000208
460.000000 0.000193
480.000000 0.000165
500.000000 0.000139
600.000000 0.000089
700.000000 0.000052
800.000000 0.000030
900.000000 0.000020
1000.000000 0.000011
1100.000000 0.000009
1200.000000 0.000007
1300.000000 0.000005
1400.000000 0.000003
1500.000000 0.000002
