200.000000 0.064856
220.000000 0.047185
240.000000 0.032000
260.000000 0.021816
280.000000 0.015339
300.000000 0.009242
320.000000 0.004685
340.000000 0.001015
350.000000 0.000033
360.000000 0.000020
380.000000 0.000014
400.000000 0.000010
420.000000 0.000009
440.000000 0.000007
450.000000 0.000007
460.000000 0.000006
480.000000 0.000005
500.000000 0.000005
600.000000 0.000003
700.000000 0.000002
800.000000 0.000001
900.000000 0.000001
1000.000000 0.000000
1100.000000 0.000000
1200.000000 0.000000
1300.000000 0.000000
1400.000000 0.000000
1500.000000 0.000000
