200.000000 0.006950
220.000000 0.005613
240.000000 0.004282
260.000000 0.003338
280.000000 0.002776
300.000000 0.002214
320.000000 0.001970
340.000000 0.001618
350.000000 0.000395
360.000000 0.000267
380.000000 0.000187
400.000000 0.000140
420.000000 0.000120
440.000000 0.000103
450.000000 0.000096
460.000000 0.000090
480.000000 0.000077
500.000000 0.000066
600.000000 0.000044
700.000000 0.000027
800.000000 0.000016
900.000000 0.000011
1000.000000 0.000006
1100.000000 0.000005
1200.000000 0.000004
1300.000000 0.000003
1400.000000 0.000002
1500.000000 0.000001
