200.000000 0.002272
220.000000 0.001836
240.000000 0.001402
260.000000 0.001094
280.000000 0.000911
300.000000 0.000729
320.000000 0.000655
340.000000 0.000577
350.000000 0.000406
360.000000 0.000336
380.000000 0.000264
400.000000 0.000209
420.000000 0.000185
440.000000 0.000164
450.000000 0.000154
460.000000 0.000145
480.000000 0.000127
500.000000 0.000109
600.000000 0.000076
700.000000 0.000046
800.000000 0.000028
900.000000 0.000019
1000.000000 0.000011
1100.000000 0.000009
1200.000000 0.000007
1300.000000 0.000005
1400.000000 0.000003
1500.000000 0.000002
