200.000000 0.001113
220.000000 0.000900
240.000000 0.000687
260.000000 0.000536
280.000000 0.000446
300.000000 0.000357
320.000000 0.000321
340.000000 0.000285
350.000000 0.000247
360.000000 0.000222
380.000000 0.000185
400.000000 0.000152
420.000000 0.000137
440.000000 0.000124
450.000000 0.000117
460.000000 0.000110
480.000000 0.000098
500.000000 0.000085
600.000000 0.000060
700.000000 0.000037
800.000000 0.000022
900.000000 0.000016
1000.000000 0.000009
1100.000000 0.000007
1200.000000 0.000006
1300.000000 0.000004
1400.000000 0.000003
1500.000000 0.000001
