200.000000 0.003399
220.000000 0.002611
240.000000 0.001882
260.000000 0.001375
280.000000 0.001059
300.000000 0.000757
320.000000 0.000551
340.000000 0.000284
350.000000 0.000051
360.000000 0.000010
380.000000 0.000003
400.000000 0.000001
420.000000 0.000001
440.000000 0.000001
450.000000 0.000001
460.000000 0.000001
480.000000 0.000000
500.000000 0.000000
600.000000 0.000000
700.000000 0.000000
800.000000 0.000000
900.000000 0.000000
1000.000000 0.000000
1100.000000 0.000000
1200.000000 0.000000
1300.000000 0.000000
1400.000000 0.000000
1500.000000 0.000000
