200.000000 0.006936
220.000000 0.005604
240.000000 0.004277
260.000000 0.003335
280.000000 0.002777
300.000000 0.002220
320.000000 0.001993
340.000000 0.001759
350.000000 0.001547
360.000000 0.001118
380.000000 0.000625
400.000000 0.000384
420.000000 0.000282
440.000000 0.000216
450.000000 0.000191
460.000000 0.000170
480.000000 0.000136
500.000000 0.000109
600.000000 0.000060
700.000000 0.000033
800.000000 0.000018
900.000000 0.000012
1000.000000 0.000007
1100.000000 0.000005
1200.000000 0.000004
1300.000000 0.000003
1400.000000 0.000002
1500.000000 0.000001
