200.000000 0.007905
220.000000 0.005087
240.000000 0.003092
260.000000 0.001910
280.000000 0.001220
300.000000 0.000656
320.000000 0.000291
340.000000 0.000056
350.000000 0.000002
360.000000 0.000001
380.000000 0.000001
400.000000 0.000001
420.000000 0.000000
440.000000 0.000000
450.000000 0.000000
460.000000 0.000000
480.000000 0.000000
500.000000 0.000000
600.000000 0.000000
700.000000 0.000000
800.000000 0.000000
900.000000 0.000000
1000.000000 0.000000
1100.000000 0.000000
1200.000000 0.000000
1300.000000 0.000000
1400.000000 0.000000
1500.000000 0.000000
