200.000000 0.001709
220.000000 0.001243
240.000000 0.000843
260.000000 0.000575
280.000000 0.000404
300.000000 0.000244
320.000000 0.000125
340.000000 0.000027
350.000000 0.000001
360.000000 0.000001
380.000000 0.000000
400.000000 0.000000
420.000000 0.000000
440.000000 0.000000
450.000000 0.000000
460.000000 0.000000
480.000000 0.000000
500.000000 0.000000
600.000000 0.000000
700.000000 0.000000
800.000000 0.000000
900.000000 0.000000
1000.000000 0.000000
1100.000000 0.000000
1200.000000 0.000000
1300.000000 0.000000
1400.000000 0.000000
1500.000000 0.000000
