200.000000 0.061530
220.000000 0.044740
240.000000 0.030338
260.000000 0.020688
280.000000 0.014560
300.000000 0.008799
320.000000 0.004491
340.000000 0.000982
350.000000 0.000032
360.000000 0.000020
380.000000 0.000013
400.000000 0.000010
420.000000 0.000008
440.000000 0.000007
450.000000 0.000007
460.000000 0.000006
480.000000 0.000005
500.000000 0.000005
600.000000 0.000003
700.000000 0.000002
800.000000 0.000001
900.000000 0.000001
1000.000000 0.000000
1100.000000 0.000000
1200.000000 0.000000
1300.000000 0.000000
1400.000000 0.000000
1500.000000 0.000000
