200.000000 0.001739
220.000000 0.001406
240.000000 0.001073
260.000000 0.000837
280.000000 0.000698
300.000000 0.000558
320.000000 0.000502
340.000000 0.000444
350.000000 0.000348
360.000000 0.000300
380.000000 0.000242
400.000000 0.000194
420.000000 0.000174
440.000000 0.000155
450.000000 0.000146
460.000000 0.000138
480.000000 0.000121
500.000000 0.000105
600.000000 0.000074
700.000000 0.000045
800.000000 0.000027
900.000000 0.000019
1000.000000 0.000011
1100.000000 0.000009
1200.000000 0.000007
1300.000000 0.000005
1400.000000 0.000003
1500.000000 0.000002
