200.000000 0.001373
220.000000 0.001110
240.000000 0.000847
260.000000 0.000661
280.000000 0.000551
300.000000 0.000441
320.000000 0.000396
340.000000 0.000352
350.000000 0.000329
360.000000 0.000304
380.000000 0.000253
400.000000 0.000205
420.000000 0.000183
440.000000 0.000163
450.000000 0.000153
460.000000 0.000143
480.000000 0.000125
500.000000 0.000108
600.000000 0.000074
700.000000 0.000044
800.000000 0.000026
900.000000 0.000018
1000.000000 0.000010
1100.000000 0.000008
1200.000000 0.000007
1300.000000 0.000005
1400.000000 0.000003
1500.000000 0.000001
