200.000000 0.035907
220.000000 0.023437
240.000000 0.014407
260.000000 0.008981
280.000000 0.005782
300.000000 0.003134
320.000000 0.001403
340.000000 0.000273
350.000000 0.000009
360.000000 0.000005
380.000000 0.000004
400.000000 0.000003
420.000000 0.000002
440.000000 0.000002
450.000000 0.000002
460.000000 0.000002
480.000000 0.000001
500.000000 0.000001
600.000000 0.000001
700.000000 0.000000
800.000000 0.000000
900.000000 0.000000
1000.000000 0.000000
1100.000000 0.000000
1200.000000 0.000000
1300.000000 0.000000
1400.000000 0.000000
1500.000000 0.000000
