200.000000 335.775726
220.000000 279.044617
240.000000 233.806076
260.000000 197.412872
280.000000 167.314987
300.000000 141.966507
320.000000 120.837082
340.000000 103.401138
360.000000 88.756294
380.000000 76.450897
400.000000 66.136742
420.000000 57.123142
440.000000 49.606125
460.000000 43.176403
480.000000 37.642002
500.000000 32.931553
550.000000 23.782158
600.000000 17.452623
650.000000 12.940920
700.000000 9.667971
750.000000 7.321562
800.000000 5.580487
850.000000 4.292168
900.000000 3.328954
950.000000 2.596362
1000.000000 2.040838
1100.000000 1.279786
1200.000000 0.819932
1300.000000 0.535206
1400.000000 0.354346
1500.000000 0.238202
1600.000000 0.162155
1700.000000 0.111138
1800.000000 0.077099
1900.000000 0.054063
2000.000000 0.038111
