200.000000 1.538255
220.000000 1.118498
240.000000 0.758457
260.000000 0.517212
280.000000 0.364003
300.000000 0.219970
320.000000 0.112263
340.000000 0.024545
350.000000 0.000793
360.000000 0.000494
380.000000 0.000334
400.000000 0.000246
420.000000 0.000208
440.000000 0.000179
450.000000 0.000166
460.000000 0.000154
480.000000 0.000133
500.000000 0.000113
600.000000 0.000075
700.000000 0.000045
800.000000 0.000027
900.000000 0.000018
1000.000000 0.000010
1100.000000 0.000008
1200.000000 0.000007
1300.000000 0.000005
1400.000000 0.000003
1500.000000 0.000001
