200.000000 0.004452
220.000000 0.003597
240.000000 0.002746
260.000000 0.002142
280.000000 0.001783
300.000000 0.001425
320.000000 0.001276
340.000000 0.001097
350.000000 0.000461
360.000000 0.000335
380.000000 0.000243
400.000000 0.000185
420.000000 0.000160
440.000000 0.000139
450.000000 0.000130
460.000000 0.000121
480.000000 0.000105
500.000000 0.000090
600.000000 0.000061
700.000000 0.000037
800.000000 0.000022
900.000000 0.000015
1000.000000 0.000008
1100.000000 0.000007
1200.000000 0.000006
1300.000000 0.000004
1400.000000 0.000003
1500.000000 0.000001
