200.000000 0.001256
220.000000 0.000913
240.000000 0.000619
260.000000 0.000422
280.000000 0.000297
300.000000 0.000180
320.000000 0.000092
340.000000 0.000020
350.000000 0.000001
360.000000 0.000000
380.000000 0.000000
400.000000 0.000000
420.000000 0.000000
440.000000 0.000000
450.000000 0.000000
460.000000 0.000000
480.000000 0.000000
500.000000 0.000000
600.000000 0.000000
700.000000 0.000000
800.000000 0.000000
900.000000 0.000000
1000.000000 0.000000
1100.000000 0.000000
1200.000000 0.000000
1300.000000 0.000000
1400.000000 0.000000
1500.000000 0.000000
