200.000000 1.120733
220.000000 1.231229
240.000000 1.137366
260.000000 1.004352
280.000000 0.871409
300.000000 0.750589
320.000000 0.645211
340.000000 0.555890
360.000000 0.478068
380.000000 0.412609
400.000000 0.355889
420.000000 0.309141
440.000000 0.268375
460.000000 0.233662
480.000000 0.203358
500.000000 0.177898
550.000000 0.128127
600.000000 0.093543
650.000000 0.068989
700.000000 0.051523
750.000000 0.038908
800.000000 0.029449
850.000000 0.022714
900.000000 0.017492
950.000000 0.013608
1000.000000 0.010671
1100.000000 0.006652
1200.000000 0.004233
1300.000000 0.002760
1400.000000 0.001815
1500.000000 0.001214
1600.000000 0.000823
1700.000000 0.000564
1800.000000 0.000391
1900.000000 0.000272
2000.000000 0.000192
