200.000000 2.124307
220.000000 1.631820
240.000000 1.176109
260.000000 0.859353
280.000000 0.661973
300.000000 0.472902
320.000000 0.344180
340.000000 0.177355
350.000000 0.031795
360.000000 0.006182
380.000000 0.001844
400.000000 0.000923
420.000000 0.000613
440.000000 0.000444
450.000000 0.000385
460.000000 0.000337
480.000000 0.000263
500.000000 0.000207
600.000000 0.000109
700.000000 0.000058
800.000000 0.000032
900.000000 0.000021
1000.000000 0.000012
1100.000000 0.000009
1200.000000 0.000007
1300.000000 0.000005
1400.000000 0.000003
1500.000000 0.000002
