200.000000 0.026786
220.000000 0.021412
240.000000 0.016124
260.000000 0.012361
280.000000 0.010039
300.000000 0.007627
320.000000 0.005913
340.000000 0.002644
350.000000 0.000127
360.000000 0.000080
380.000000 0.000054
400.000000 0.000040
420.000000 0.000034
440.000000 0.000029
450.000000 0.000027
460.000000 0.000025
480.000000 0.000021
500.000000 0.000018
600.000000 0.000012
700.000000 0.000007
800.000000 0.000004
900.000000 0.000003
1000.000000 0.000002
1100.000000 0.000001
1200.000000 0.000001
1300.000000 0.000001
1400.000000 0.000001
1500.000000 0.000000
