200.000000 0.084972
220.000000 0.065273
240.000000 0.047044
260.000000 0.034374
280.000000 0.026479
300.000000 0.018916
320.000000 0.013767
340.000000 0.007094
350.000000 0.001272
360.000000 0.000247
380.000000 0.000074
400.000000 0.000037
420.000000 0.000025
440.000000 0.000018
450.000000 0.000015
460.000000 0.000013
480.000000 0.000011
500.000000 0.000008
600.000000 0.000004
700.000000 0.000002
800.000000 0.000001
900.000000 0.000001
1000.000000 0.000000
1100.000000 0.000000
1200.000000 0.000000
1300.000000 0.000000
1400.000000 0.000000
1500.000000 0.000000
