200.000000 0.006837
220.000000 0.004971
240.000000 0.003371
260.000000 0.002299
280.000000 0.001618
300.000000 0.000978
320.000000 0.000499
340.000000 0.000109
350.000000 0.000004
360.000000 0.000002
380.000000 0.000001
400.000000 0.000001
420.000000 0.000001
440.000000 0.000001
450.000000 0.000001
460.000000 0.000001
480.000000 0.000001
500.000000 0.000001
600.000000 0.000000
700.000000 0.000000
800.000000 0.000000
900.000000 0.000000
1000.000000 0.000000
1100.000000 0.000000
1200.000000 0.000000
1300.000000 0.000000
1400.000000 0.000000
1500.000000 0.000000
