200.000000 0.012285
220.000000 0.009918
240.000000 0.007563
260.000000 0.005893
280.000000 0.004901
300.000000 0.003911
320.000000 0.003498
340.000000 0.003045
350.000000 0.002371
360.000000 0.001233
380.000000 0.000516
400.000000 0.000282
420.000000 0.000195
440.000000 0.000145
450.000000 0.000126
460.000000 0.000111
480.000000 0.000088
500.000000 0.000069
600.000000 0.000037
700.000000 0.000020
800.000000 0.000011
900.000000 0.000007
1000.000000 0.000004
1100.000000 0.000003
1200.000000 0.000003
1300.000000 0.000002
1400.000000 0.000001
1500.000000 0.000001
