200.000000 0.027114
220.000000 0.021812
240.000000 0.016562
260.000000 0.012838
280.000000 0.010608
300.000000 0.008382
320.000000 0.007341
340.000000 0.005938
350.000000 0.002937
360.000000 0.000852
380.000000 0.000277
400.000000 0.000142
420.000000 0.000095
440.000000 0.000069
450.000000 0.000060
460.000000 0.000053
480.000000 0.000041
500.000000 0.000032
600.000000 0.000017
700.000000 0.000009
800.000000 0.000005
900.000000 0.000003
1000.000000 0.000002
1100.000000 0.000001
1200.000000 0.000001
1300.000000 0.000001
1400.000000 0.000001
1500.000000 0.000000
