200.000000 0.003092
220.000000 0.002499
240.000000 0.001908
260.000000 0.001488
280.000000 0.001240
300.000000 0.000991
320.000000 0.000890
340.000000 0.000778
350.000000 0.000454
360.000000 0.000355
380.000000 0.000268
400.000000 0.000209
420.000000 0.000183
440.000000 0.000160
450.000000 0.000150
460.000000 0.000140
480.000000 0.000122
500.000000 0.000105
600.000000 0.000072
700.000000 0.000044
800.000000 0.000026
900.000000 0.000018
1000.000000 0.000010
1100.000000 0.000008
1200.000000 0.000007
1300.000000 0.000005
1400.000000 0.000003
1500.000000 0.000001
