200.000000 0.000961
220.000000 0.000699
240.000000 0.000474
260.000000 0.000323
280.000000 0.000228
300.000000 0.000137
320.000000 0.000070
340.000000 0.000015
350.000000 0.000000
360.000000 0.000000
380.000000 0.000000
400.000000 0.000000
420.000000 0.000000
440.000000 0.000000
450.000000 0.000000
460.000000 0.000000
480.000000 0.000000
500.000000 0.000000
600.000000 0.000000
700.000000 0.000000
800.000000 0.000000
900.000000 0.000000
1000.000000 0.000000
1100.000000 0.000000
1200.000000 0.000000
1300.000000 0.000000
1400.000000 0.000000
1500.000000 0.000000
