200.000000 0.005311
220.000000 0.004080
240.000000 0.002940
260.000000 0.002148
280.000000 0.001655
300.000000 0.001182
320.000000 0.000860
340.000000 0.000443
350.000000 0.000079
360.000000 0.000015
380.000000 0.000005
400.000000 0.000002
420.000000 0.000002
440.000000 0.000001
450.000000 0.000001
460.000000 0.000001
480.000000 0.000001
500.000000 0.000001
600.000000 0.000000
700.000000 0.000000
800.000000 0.000000
900.000000 0.000000
1000.000000 0.000000
1100.000000 0.000000
1200.000000 0.000000
1300.000000 0.000000
1400.000000 0.000000
1500.000000 0.000000
