200.000000 0.082071
220.000000 0.062958
240.000000 0.045326
260.000000 0.033090
280.000000 0.025475
300.000000 0.018200
320.000000 0.013271
340.000000 0.006882
350.000000 0.001246
360.000000 0.000243
380.000000 0.000072
400.000000 0.000036
420.000000 0.000024
440.000000 0.000017
450.000000 0.000015
460.000000 0.000013
480.000000 0.000010
500.000000 0.000008
600.000000 0.000004
700.000000 0.000002
800.000000 0.000001
900.000000 0.000001
1000.000000 0.000000
1100.000000 0.000000
1200.000000 0.000000
1300.000000 0.000000
1400.000000 0.000000
1500.000000 0.000000
