200.000000 0.001738
220.000000 0.001404
240.000000 0.001072
260.000000 0.000837
280.000000 0.000697
300.000000 0.000558
320.000000 0.000502
340.000000 0.000446
350.000000 0.000416
360.000000 0.000381
380.000000 0.000312
400.000000 0.000249
420.000000 0.000220
440.000000 0.000193
450.000000 0.000180
460.000000 0.000168
480.000000 0.000145
500.000000 0.000124
600.000000 0.000083
700.000000 0.000049
800.000000 0.000029
900.000000 0.000020
1000.000000 0.000011
1100.000000 0.000009
1200.000000 0.000007
1300.000000 0.000005
1400.000000 0.000003
1500.000000 0.000002
