200.000000 0.010472
220.000000 0.006980
240.000000 0.004406
260.000000 0.002843
280.000000 0.001938
300.000000 0.001204
320.000000 0.000727
340.000000 0.000288
350.000000 0.000041
360.000000 0.000008
380.000000 0.000002
400.000000 0.000001
420.000000 0.000001
440.000000 0.000001
450.000000 0.000000
460.000000 0.000000
480.000000 0.000000
500.000000 0.000000
600.000000 0.000000
700.000000 0.000000
800.000000 0.000000
900.000000 0.000000
1000.000000 0.000000
1100.000000 0.000000
1200.000000 0.000000
1300.000000 0.000000
1400.000000 0.000000
1500.000000 0.000000
