200.000000 0.009441
220.000000 0.007253
240.000000 0.005227
260.000000 0.003819
280.000000 0.002942
300.000000 0.002102
320.000000 0.001530
340.000000 0.000788
350.000000 0.000141
360.000000 0.000027
380.000000 0.000008
400.000000 0.000004
420.000000 0.000003
440.000000 0.000002
450.000000 0.000002
460.000000 0.000001
480.000000 0.000001
500.000000 0.000001
600.000000 0.000000
700.000000 0.000000
800.000000 0.000000
900.000000 0.000000
1000.000000 0.000000
1100.000000 0.000000
1200.000000 0.000000
1300.000000 0.000000
1400.000000 0.000000
1500.000000 0.000000
