200.000000 8.497230
220.000000 6.527281
240.000000 4.704438
260.000000 3.437413
280.000000 2.647890
300.000000 1.891607
320.000000 1.376719
340.000000 0.709421
350.000000 0.127180
360.000000 0.024729
380.000000 0.007377
400.000000 0.003690
420.000000 0.002450
440.000000 0.001776
450.000000 0.001541
460.000000 0.001349
480.000000 0.001052
500.000000 0.000828
600.000000 0.000437
700.000000 0.000233
800.000000 0.000129
900.000000 0.000085
1000.000000 0.000047
1100.000000 0.000038
1200.000000 0.000029
1300.000000 0.000021
1400.000000 0.000014
1500.000000 0.000006
