200.000000 0.003088
220.000000 0.002496
240.000000 0.001905
260.000000 0.001486
280.000000 0.001238
300.000000 0.000991
320.000000 0.000891
340.000000 0.000790
350.000000 0.000731
360.000000 0.000643
380.000000 0.000485
400.000000 0.000360
420.000000 0.000299
440.000000 0.000250
450.000000 0.000229
460.000000 0.000210
480.000000 0.000176
500.000000 0.000146
600.000000 0.000089
700.000000 0.000051
800.000000 0.000029
900.000000 0.000020
1000.000000 0.000011
1100.000000 0.000009
1200.000000 0.000007
1300.000000 0.000005
1400.000000 0.000003
1500.000000 0.000002
