200.000000 0.246121
220.000000 0.178960
240.000000 0.121353
260.000000 0.082754
280.000000 0.058241
300.000000 0.035195
320.000000 0.017962
340.000000 0.003927
350.000000 0.000127
360.000000 0.000079
380.000000 0.000053
400.000000 0.000039
420.000000 0.000033
440.000000 0.000029
450.000000 0.000027
460.000000 0.000025
480.000000 0.000021
500.000000 0.000018
600.000000 0.000012
700.000000 0.000007
800.000000 0.000004
900.000000 0.000003
1000.000000 0.000002
1100.000000 0.000001
1200.000000 0.000001
1300.000000 0.000001
1400.000000 0.000001
1500.000000 0.000000
