200.000000 0.001343
220.000000 0.001116
240.000000 0.000935
260.000000 0.000790
280.000000 0.000669
300.000000 0.000568
320.000000 0.000483
340.000000 0.000414
360.000000 0.000355
380.000000 0.000306
400.000000 0.000265
420.000000 0.000229
440.000000 0.000198
460.000000 0.000173
480.000000 0.000151
500.000000 0.000132
550.000000 0.000095
600.000000 0.000070
650.000000 0.000052
700.000000 0.000039
750.000000 0.000029
800.000000 0.000022
850.000000 0.000017
900.000000 0.000013
950.000000 0.000010
1000.000000 0.000008
1100.000000 0.000005
1200.000000 0.000003
1300.000000 0.000002
1400.000000 0.000001
1500.000000 0.000001
1600.000000 0.000001
1700.000000 0.000000
1800.000000 0.000000
1900.000000 0.000000
2000.000000 0.000000
