200.000000 6.153021
220.000000 4.473990
240.000000 3.033830
260.000000 2.068847
280.000000 1.456014
300.000000 0.879878
320.000000 0.449053
340.000000 0.098181
350.000000 0.003173
360.000000 0.001978
380.000000 0.001335
400.000000 0.000985
420.000000 0.000833
440.000000 0.000716
450.000000 0.000665
460.000000 0.000617
480.000000 0.000531
500.000000 0.000452
600.000000 0.000302
700.000000 0.000180
800.000000 0.000106
900.000000 0.000073
1000.000000 0.000041
1100.000000 0.000034
1200.000000 0.000027
1300.000000 0.000020
1400.000000 0.000013
1500.000000 0.000006
